0.0000 0.1597
0.0005 0.2640
0.0010 0.2263
0.0015 0.0661
0.0020 -0.1629
0.0025 -0.3522
0.0029 -0.4532
0.0034 -0.4274
0.0039 -0.2941
0.0044 -0.0554
0.0049 0.1425
0.0054 0.2575
0.0059 0.2306
0.0064 0.1059
0.0069 -0.1091
0.0074 -0.3199
0.0078 -0.4661
0.0083 -0.4446
0.0088 -0.3177
0.0093 -0.1113
0.0098 0.0844
0.0103 0.2349
0.0108 0.2522
0.0113 0.1360
0.0118 -0.0769
0.0123 -0.2812
0.0127 -0.4274
0.0132 -0.4618
0.0137 -0.3715
0.0142 -0.1629
0.0147 0.0575
0.0152 0.2199
0.0157 0.2543
0.0162 0.1726
0.0167 -0.0145
0.0172 -0.2382
0.0176 -0.4177
0.0181 -0.4597
0.0186 -0.3844
0.0191 -0.2016
0.0196 0.0070
0.0201 0.2005
0.0206 0.2683
0.0211 0.2038
0.0216 0.0199
0.0221 -0.1866
0.0225 -0.3747
0.0230 -0.4618
0.0235 -0.4253
0.0240 -0.2446
0.0245 -0.0317
0.0250 0.1661
0.0255 0.2500
0.0260 0.2285
0.0265 0.0737
0.0270 -0.1478
0.0275 -0.3597
0.0279 -0.4575
0.0284 -0.4382
0.0289 -0.2941
0.0294 -0.0855
0.0299 0.1296
0.0304 0.2500
0.0309 0.2457
0.0314 0.1005
0.0319 -0.0995
0.0324 -0.3091
0.0328 -0.4425
0.0333 -0.4640
0.0338 -0.3306
0.0343 -0.1285
0.0348 0.0941
0.0353 0.2328
0.0358 0.2629
0.0363 0.1554
0.0368 -0.0468
0.0373 -0.2790
0.0377 -0.4231
0.0382 -0.4597
0.0387 -0.3608
0.0392 -0.1844
0.0397 0.0500
0.0402 0.2199
0.0407 0.2672
0.0412 0.1704
0.0417 -0.0038
0.0422 -0.2231
0.0426 -0.3995
0.0431 -0.4640
0.0436 -0.3941
0.0441 -0.2167
0.0446 0.0048
0.0451 0.1726
0.0456 0.2651
0.0461 0.2113
0.0466 0.0371
0.0471 -0.1941
0.0475 -0.3715
0.0480 -0.4608
0.0485 -0.4199
0.0490 -0.2683
0.0495 -0.0403
0.0500 0.1575
0.0505 0.2629
0.0510 0.2220
0.0515 0.0833
0.0520 -0.1306
0.0525 -0.3306
0.0529 -0.4640
0.0534 -0.4360
0.0539 -0.2984
0.0544 -0.0876
0.0549 0.1145
0.0554 0.2522
0.0559 0.2500
0.0564 0.1231
0.0569 -0.0984
0.0574 -0.3027
0.0578 -0.4403
0.0583 -0.4532
0.0588 -0.3446
0.0593 -0.1349
0.0598 0.0833
0.0603 0.2285
0.0608 0.2457
0.0613 0.1511
0.0618 -0.0468
0.0623 -0.2618
0.0627 -0.4317
0.0632 -0.4608
0.0637 -0.3651
0.0642 -0.1780
0.0647 0.0371
0.0652 0.2113
0.0657 0.2651
0.0662 0.1855
0.0667 -0.0167
0.0672 -0.2231
0.0676 -0.3952
0.0681 -0.4597
0.0686 -0.4038
0.0691 -0.2145
0.0696 0.0070
0.0701 0.1887
0.0706 0.2586
0.0711 0.2102
0.0716 0.0435
0.0721 -0.1758
0.0725 -0.3780
0.0730 -0.4597
0.0735 -0.4188
0.0740 -0.2597
0.0745 -0.0468
0.0750 0.1618
0.0755 0.2608
0.0760 0.2285
0.0765 0.0651
0.0770 -0.1392
0.0775 -0.3435
0.0779 -0.4543
0.0784 -0.4661
0.0789 -0.2962
0.0794 -0.0833
0.0799 0.1231
0.0804 0.2371
0.0809 0.2478
0.0814 0.1188
0.0819 -0.0919
0.0824 -0.3177
0.0828 -0.4403
0.0833 -0.4554
0.0838 -0.3328
0.0843 -0.1435
0.0848 0.0887
0.0853 0.2392
0.0858 0.2651
0.0863 0.1425
0.0868 -0.0446
0.0873 -0.2629
0.0877 -0.4210
0.0882 -0.4661
0.0887 -0.3651
0.0892 -0.1758
0.0897 0.0500
0.0902 0.2005
0.0907 0.2672
0.0912 0.1876
0.0917 -0.0016
0.0922 -0.2360
0.0926 -0.3984
0.0931 -0.4640
0.0936 -0.3973
0.0941 -0.2328
0.0946 0.0005
0.0951 0.1876
0.0956 0.2651
0.0961 0.1995
0.0966 0.0403
0.0971 -0.1801
0.0975 -0.3715
0.0980 -0.4640
0.0985 -0.4177
0.0990 -0.2575
0.0995 -0.0403
